10000	8.913393
10000	10000	11.289806
10000	5000	6.160831
10000	3334	7.332871
10000	2500	8.121979
10000	2000	8.308381
10000	1667	8.732647
10000	1429	9.702914
10000	1250	10.537652
15000	28.731737
15000	15000	34.454468
15000	7500	18.537403
15000	5000	20.971228
15000	3750	24.335539
15000	3000	23.532785
15000	2500	24.100344
15000	2143	25.644061
15000	1875	26.236470
20000	69.983857
20000	20000	75.850211
20000	10000	45.906538
20000	6667	46.211517
20000	5000	49.952179
20000	4000	50.190037
20000	3334	50.189164
20000	2858	53.137261
20000	2500	54.826463
25000	131.090064
