10000	3.462426
10000	10000	8.732881
10000	5000	3.144412
10000	3334	4.439664
10000	2500	4.080895
10000	2000	4.790304
10000	1667	4.997168
10000	1429	5.544254
10000	1250	5.983516
15000	11.348385
15000	15000	27.252679
15000	7500	8.678626
15000	5000	11.956412
15000	3750	10.112454
15000	3000	12.092805
15000	2500	12.224895
15000	2143	13.618241
15000	1875	14.096625
20000	26.247295
20000	20000	60.616601
20000	10000	19.264220
20000	6667	25.609651
20000	5000	21.559302
20000	4000	25.126243
20000	3334	24.067574
20000	2858	26.042348
20000	2500	27.220449
25000	51.933076
25000	25000	115.299508
25000	12500	36.036368
25000	8334	48.200636
25000	6250	39.256634
25000	5000	45.283892
25000	4167	42.569882
25000	3572	46.928868
25000	3125	47.130094
