2000	0.043927
2000	2000	0.238399
2000	1000	0.113906
2000	667	0.143370
2000	500	0.137342
4000	0.253725
4000	4000	1.306443
4000	2000	0.533030
4000	1334	0.625781
4000	1000	0.466266
4000	800	0.513986
4000	667	0.620219
4000	572	0.648243
4000	500	0.656788
6000	0.838391
6000	6000	3.431880
6000	3000	1.384709
6000	2000	1.783024
6000	1500	1.770456
6000	1200	1.483692
6000	1000	1.438688
6000	858	1.609672
6000	750	1.630290
8000	1.759887
8000	8000	7.250037
8000	4000	2.466426
8000	2667	3.647520
8000	2000	3.111927
8000	1600	3.657631
8000	1334	4.097347
8000	1143	4.724234
8000	1000	3.123194
10000	3.506398
10000	10000	13.081360
10000	5000	4.305541
10000	3334	5.929892
10000	2500	5.251608
10000	2000	6.059087
10000	1667	6.205582
10000	1429	7.117780
10000	1250	7.433246
12000	6.040192
12000	12000	21.956816
12000	6000	6.863107
12000	4000	9.360798
12000	3000	8.126441
12000	2400	9.521212
12000	2000	9.098441
12000	1715	10.710919
12000	1500	11.094301
14000	9.339674
14000	14000	34.236070
14000	7000	10.694078
14000	4667	14.570498
14000	3500	12.187780
14000	2800	14.148760
14000	2334	13.792035
14000	2000	14.103945
14000	1750	14.862751
16000	13.360741
16000	16000	50.271771
16000	8000	14.809220
16000	5334	20.814075
16000	4000	16.708997
16000	3200	19.403043
16000	2667	19.540930
16000	2286	21.692174
16000	2000	19.878540
18000	19.621940
18000	18000	70.691447
18000	9000	21.288000
18000	6000	28.214517
18000	4500	23.610408
18000	3600	26.320700
18000	3000	26.520037
18000	2572	28.749157
18000	2250	29.666257
20000	26.356860
20000	20000	96.325413
20000	10000	27.919285
20000	6667	38.595201
20000	5000	30.798938
20000	4000	34.940782
20000	3334	33.803827
20000	2858	37.725062
20000	2500	37.038369
